x,y,z,cell_id,cell_type
229,200,0,5,4
229,201,0,5,4
229,202,0,5,4
229,203,0,5,4
229,204,0,5,4
229,205,0,5,4
229,206,0,5,4
229,207,0,5,4
229,208,0,5,4
229,209,0,5,4
229,210,0,5,4
229,211,0,5,4
229,212,0,5,4
229,213,0,5,4
229,214,0,5,4
229,215,0,5,4
229,216,0,5,4
229,217,0,5,4
229,218,0,5,4
229,219,0,5,4
229,220,0,5,4
229,221,0,5,4
229,222,0,5,4
229,223,0,5,4
229,224,0,5,4
229,225,0,5,4
229,226,0,5,4
229,227,0,5,4
229,228,0,5,4
229,229,0,5,4
229,230,0,5,4
229,231,0,5,4
229,232,0,5,4
229,233,0,5,4
229,234,0,5,4
229,235,0,5,4
229,236,0,5,4
229,237,0,5,4
229,238,0,5,4
229,239,0,5,4
229,240,0,5,4
229,241,0,5,4
229,242,0,5,4
229,243,0,5,4
229,244,0,5,4
229,245,0,5,4
229,246,0,5,4
229,247,0,5,4
229,248,0,5,4
229,249,0,5,4
229,250,0,47,2
229,251,0,47,2
229,252,0,47,2
229,253,0,47,2
229,254,0,47,2
229,255,0,47,2
229,256,0,47,2
229,257,0,147,2
229,258,0,147,2
229,259,0,147,2
229,260,0,147,2
229,261,0,147,2
229,262,0,147,2
229,263,0,147,2
229,264,0,247,2
229,265,0,247,2
229,266,0,247,2
229,267,0,247,2
229,268,0,247,2
229,269,0,247,2
229,270,0,247,2
229,271,0,347,3
229,272,0,347,3
229,273,0,347,3
229,274,0,347,3
229,275,0,347,3
229,276,0,347,3
229,277,0,347,3
229,278,0,447,1
229,279,0,447,1
229,280,0,447,1
229,281,0,447,1
229,282,0,447,1
229,283,0,447,1
229,284,0,447,1
230,200,0,5,4
230,201,0,5,4
230,202,0,5,4
230,203,0,5,4
230,204,0,5,4
230,205,0,5,4
230,206,0,5,4
230,207,0,5,4
230,208,0,5,4
230,209,0,5,4
230,210,0,5,4
230,211,0,5,4
230,212,0,5,4
230,213,0,5,4
230,214,0,5,4
230,215,0,5,4
230,216,0,5,4
230,217,0,5,4
230,218,0,5,4
230,219,0,5,4
230,220,0,5,4
230,221,0,5,4
230,222,0,5,4
230,223,0,5,4
230,224,0,5,4
230,225,0,5,4
230,226,0,5,4
230,227,0,5,4
230,228,0,5,4
230,229,0,5,4
230,230,0,5,4
230,231,0,5,4
230,232,0,5,4
230,233,0,5,4
230,234,0,5,4
230,235,0,5,4
230,236,0,5,4
230,237,0,5,4
230,238,0,5,4
230,239,0,5,4
230,240,0,5,4
230,241,0,5,4
230,242,0,5,4
230,243,0,5,4
230,244,0,5,4
230,245,0,5,4
230,246,0,5,4
230,247,0,5,4
230,248,0,5,4
230,249,0,5,4
230,250,0,47,2
230,251,0,47,2
230,252,0,47,2
230,253,0,47,2
230,254,0,47,2
230,255,0,47,2
230,256,0,47,2
230,257,0,147,2
230,258,0,147,2
230,259,0,147,2
230,260,0,147,2
230,261,0,147,2
230,262,0,147,2
230,263,0,147,2
230,264,0,247,2
230,265,0,247,2
230,266,0,247,2
230,267,0,247,2
230,268,0,247,2
230,269,0,247,2
230,270,0,247,2
230,271,0,347,3
230,272,0,347,3
230,273,0,347,3
230,274,0,347,3
230,275,0,347,3
230,276,0,347,3
230,277,0,347,3
230,278,0,447,1
230,279,0,447,1
230,280,0,447,1
230,281,0,447,1
230,282,0,447,1
230,283,0,447,1
230,284,0,447,1
231,200,0,5,4
231,201,0,5,4
231,202,0,5,4
231,203,0,5,4
231,204,0,5,4
231,205,0,5,4
231,206,0,5,4
231,207,0,5,4
231,208,0,5,4
231,209,0,5,4
231,210,0,5,4
231,211,0,5,4
231,212,0,5,4
231,213,0,5,4
231,214,0,5,4
231,215,0,5,4
231,216,0,5,4
231,217,0,5,4
231,218,0,5,4
231,219,0,5,4
231,220,0,5,4
231,221,0,5,4
231,222,0,5,4
231,223,0,5,4
231,224,0,5,4
231,225,0,5,4
231,226,0,5,4
231,227,0,5,4
231,228,0,5,4
231,229,0,5,4
231,230,0,5,4
231,231,0,5,4
231,232,0,5,4
231,233,0,5,4
231,234,0,5,4
231,235,0,5,4
231,236,0,5,4
231,237,0,5,4
231,238,0,5,4
231,239,0,5,4
231,240,0,5,4
231,241,0,5,4
231,242,0,5,4
231,243,0,5,4
231,244,0,5,4
231,245,0,5,4
231,246,0,5,4
231,247,0,5,4
231,248,0,5,4
231,249,0,5,4
231,250,0,48,2
231,251,0,48,2
231,252,0,48,2
231,253,0,48,2
231,254,0,48,2
231,255,0,48,2
231,256,0,48,2
231,257,0,148,2
231,258,0,148,2
231,259,0,148,2
231,260,0,148,2
231,261,0,148,2
231,262,0,148,2
231,263,0,148,2
231,264,0,248,2
231,265,0,248,2
231,266,0,248,2
231,267,0,248,2
231,268,0,248,2
231,269,0,248,2
231,270,0,248,2
231,271,0,348,3
231,272,0,348,3
231,273,0,348,3
231,274,0,348,3
231,275,0,348,3
231,276,0,348,3
231,277,0,348,3
231,278,0,448,1
231,279,0,448,1
231,280,0,448,1
231,281,0,448,1
231,282,0,448,1
231,283,0,448,1
231,284,0,448,1
232,200,0,5,4
232,201,0,5,4
232,202,0,5,4
232,203,0,5,4
232,204,0,5,4
232,205,0,5,4
232,206,0,5,4
232,207,0,5,4
232,208,0,5,4
232,209,0,5,4
232,210,0,5,4
232,211,0,5,4
232,212,0,5,4
232,213,0,5,4
232,214,0,5,4
232,215,0,5,4
232,216,0,5,4
232,217,0,5,4
232,218,0,5,4
232,219,0,5,4
232,220,0,5,4
232,221,0,5,4
232,222,0,5,4
232,223,0,5,4
232,224,0,5,4
232,225,0,5,4
232,226,0,5,4
232,227,0,5,4
232,228,0,5,4
232,229,0,5,4
232,230,0,5,4
232,231,0,5,4
232,232,0,5,4
232,233,0,5,4
232,234,0,5,4
232,235,0,5,4
232,236,0,5,4
232,237,0,5,4
232,238,0,5,4
232,239,0,5,4
232,240,0,5,4
232,241,0,5,4
232,242,0,5,4
232,243,0,5,4
232,244,0,5,4
232,245,0,5,4
232,246,0,5,4
232,247,0,5,4
232,248,0,5,4
232,249,0,5,4
232,250,0,48,2
232,251,0,48,2
232,252,0,48,2
232,253,0,48,2
232,254,0,48,2
232,255,0,48,2
232,256,0,48,2
232,257,0,148,2
232,258,0,148,2
232,259,0,148,2
232,260,0,148,2
232,261,0,148,2
232,262,0,148,2
232,263,0,148,2
232,264,0,248,2
232,265,0,248,2
232,266,0,248,2
232,267,0,248,2
232,268,0,248,2
232,269,0,248,2
232,270,0,248,2
232,271,0,348,3
232,272,0,348,3
232,273,0,348,3
232,274,0,348,3
232,275,0,348,3
232,276,0,348,3
232,277,0,348,3
232,278,0,448,1
232,279,0,448,1
232,280,0,448,1
232,281,0,448,1
232,282,0,448,1
232,283,0,448,1
232,284,0,448,1
233,200,0,5,4
233,201,0,5,4
233,202,0,5,4
233,203,0,5,4
233,204,0,5,4
233,205,0,5,4
233,206,0,5,4
233,207,0,5,4
233,208,0,5,4
233,209,0,5,4
233,210,0,5,4
233,211,0,5,4
233,212,0,5,4
233,213,0,5,4
233,214,0,5,4
233,215,0,5,4
233,216,0,5,4
233,217,0,5,4
233,218,0,5,4
233,219,0,5,4
233,220,0,5,4
233,221,0,5,4
233,222,0,5,4
233,223,0,5,4
233,224,0,5,4
233,225,0,5,4
233,226,0,5,4
233,227,0,5,4
233,228,0,5,4
233,229,0,5,4
233,230,0,5,4
233,231,0,5,4
233,232,0,5,4
233,233,0,5,4
233,234,0,5,4
233,235,0,5,4
233,236,0,5,4
233,237,0,5,4
233,238,0,5,4
233,239,0,5,4
233,240,0,5,4
233,241,0,5,4
233,242,0,5,4
233,243,0,5,4
233,244,0,5,4
233,245,0,5,4
233,246,0,5,4
233,247,0,5,4
233,248,0,5,4
233,249,0,5,4
233,250,0,48,2
233,251,0,48,2
233,252,0,48,2
233,253,0,48,2
233,254,0,48,2
233,255,0,48,2
233,256,0,48,2
233,257,0,148,2
233,258,0,148,2
233,259,0,148,2
233,260,0,148,2
233,261,0,148,2
233,262,0,148,2
233,263,0,148,2
233,264,0,248,2
233,265,0,248,2
233,266,0,248,2
233,267,0,248,2
233,268,0,248,2
233,269,0,248,2
233,270,0,248,2
233,271,0,348,3
233,272,0,348,3
233,273,0,348,3
233,274,0,348,3
233,275,0,348,3
233,276,0,348,3
233,277,0,348,3
233,278,0,448,1
233,279,0,448,1
233,280,0,448,1
233,281,0,448,1
233,282,0,448,1
233,283,0,448,1
233,284,0,448,1
234,200,0,5,4
234,201,0,5,4
234,202,0,5,4
234,203,0,5,4
234,204,0,5,4
234,205,0,5,4
234,206,0,5,4
234,207,0,5,4
234,208,0,5,4
234,209,0,5,4
234,210,0,5,4
234,211,0,5,4
234,212,0,5,4
234,213,0,5,4
234,214,0,5,4
234,215,0,5,4
234,216,0,5,4
234,217,0,5,4
234,218,0,5,4
234,219,0,5,4
234,220,0,5,4
234,221,0,5,4
234,222,0,5,4
234,223,0,5,4
234,224,0,5,4
234,225,0,5,4
234,226,0,5,4
234,227,0,5,4
234,228,0,5,4
234,229,0,5,4
234,230,0,5,4
234,231,0,5,4
234,232,0,5,4
234,233,0,5,4
234,234,0,5,4
234,235,0,5,4
234,236,0,5,4
234,237,0,5,4
234,238,0,5,4
234,239,0,5,4
234,240,0,5,4
234,241,0,5,4
234,242,0,5,4
234,243,0,5,4
234,244,0,5,4
234,245,0,5,4
234,246,0,5,4
234,247,0,5,4
234,248,0,5,4
234,249,0,5,4
234,250,0,48,2
234,251,0,48,2
234,252,0,48,2
234,253,0,48,2
234,254,0,48,2
234,255,0,48,2
234,256,0,48,2
234,257,0,148,2
234,258,0,148,2
234,259,0,148,2
234,260,0,148,2
234,261,0,148,2
234,262,0,148,2
234,263,0,148,2
234,264,0,248,2
234,265,0,248,2
234,266,0,248,2
234,267,0,248,2
234,268,0,248,2
234,269,0,248,2
234,270,0,248,2
234,271,0,348,3
234,272,0,348,3
234,273,0,348,3
234,274,0,348,3
234,275,0,348,3
234,276,0,348,3
234,277,0,348,3
234,278,0,448,1
234,279,0,448,1
234,280,0,448,1
234,281,0,448,1
234,282,0,448,1
234,283,0,448,1
234,284,0,448,1
235,200,0,5,4
235,201,0,5,4
235,202,0,5,4
235,203,0,5,4
235,204,0,5,4
235,205,0,5,4
235,206,0,5,4
235,207,0,5,4
235,208,0,5,4
235,209,0,5,4
235,210,0,5,4
235,211,0,5,4
235,212,0,5,4
235,213,0,5,4
235,214,0,5,4
235,215,0,5,4
235,216,0,5,4
235,217,0,5,4
235,218,0,5,4
235,219,0,5,4
235,220,0,5,4
235,221,0,5,4
235,222,0,5,4
235,223,0,5,4
235,224,0,5,4
235,225,0,5,4
235,226,0,5,4
235,227,0,5,4
235,228,0,5,4
235,229,0,5,4
235,230,0,5,4
235,231,0,5,4
235,232,0,5,4
235,233,0,5,4
235,234,0,5,4
235,235,0,5,4
235,236,0,5,4
235,237,0,5,4
235,238,0,5,4
235,239,0,5,4
235,240,0,5,4
235,241,0,5,4
235,242,0,5,4
235,243,0,5,4
235,244,0,5,4
235,245,0,5,4
235,246,0,5,4
235,247,0,5,4
235,248,0,5,4
235,249,0,5,4
235,250,0,48,2
235,251,0,48,2
235,252,0,48,2
235,253,0,48,2
235,254,0,48,2
235,255,0,48,2
235,256,0,48,2
235,257,0,148,2
235,258,0,148,2
235,259,0,148,2
235,260,0,148,2
235,261,0,148,2
235,262,0,148,2
235,263,0,148,2
235,264,0,248,2
235,265,0,248,2
235,266,0,248,2
235,267,0,248,2
235,268,0,248,2
235,269,0,248,2
235,270,0,248,2
235,271,0,348,3
235,272,0,348,3
235,273,0,348,3
235,274,0,348,3
235,275,0,348,3
235,276,0,348,3
235,277,0,348,3
235,278,0,448,1
235,279,0,448,1
235,280,0,448,1
235,281,0,448,1
235,282,0,448,1
235,283,0,448,1
235,284,0,448,1
236,200,0,5,4
236,201,0,5,4
236,202,0,5,4
236,203,0,5,4
236,204,0,5,4
236,205,0,5,4
236,206,0,5,4
236,207,0,5,4
236,208,0,5,4
236,209,0,5,4
236,210,0,5,4
236,211,0,5,4
236,212,0,5,4
236,213,0,5,4
236,214,0,5,4
236,215,0,5,4
236,216,0,5,4
236,217,0,5,4
236,218,0,5,4
236,219,0,5,4
236,220,0,5,4
236,221,0,5,4
236,222,0,5,4
236,223,0,5,4
236,224,0,5,4
236,225,0,5,4
236,226,0,5,4
236,227,0,5,4
236,228,0,5,4
236,229,0,5,4
236,230,0,5,4
236,231,0,5,4
236,232,0,5,4
236,233,0,5,4
236,234,0,5,4
236,235,0,5,4
236,236,0,5,4
236,237,0,5,4
236,238,0,5,4
236,239,0,5,4
236,240,0,5,4
236,241,0,5,4
236,242,0,5,4
236,243,0,5,4
236,244,0,5,4
236,245,0,5,4
236,246,0,5,4
236,247,0,5,4
236,248,0,5,4
236,249,0,5,4
236,250,0,48,2
236,251,0,48,2
236,252,0,48,2
236,253,0,48,2
236,254,0,48,2
236,255,0,48,2
236,256,0,48,2
236,257,0,148,2
236,258,0,148,2
236,259,0,148,2
236,260,0,148,2
236,261,0,148,2
236,262,0,148,2
236,263,0,148,2
236,264,0,248,2
236,265,0,248,2
236,266,0,248,2
236,267,0,248,2
236,268,0,248,2
236,269,0,248,2
236,270,0,248,2
236,271,0,348,3
236,272,0,348,3
236,273,0,348,3
236,274,0,348,3
236,275,0,348,3
236,276,0,348,3
236,277,0,348,3
236,278,0,448,1
236,279,0,448,1
236,280,0,448,1
236,281,0,448,1
236,282,0,448,1
236,283,0,448,1
236,284,0,448,1
237,200,0,5,4
237,201,0,5,4
237,202,0,5,4
237,203,0,5,4
237,204,0,5,4
237,205,0,5,4
237,206,0,5,4
237,207,0,5,4
237,208,0,5,4
237,209,0,5,4
237,210,0,5,4
237,211,0,5,4
237,212,0,5,4
237,213,0,5,4
237,214,0,5,4
237,215,0,5,4
237,216,0,5,4
237,217,0,5,4
237,218,0,5,4
237,219,0,5,4
237,220,0,5,4
237,221,0,5,4
237,222,0,5,4
237,223,0,5,4
237,224,0,5,4
237,225,0,5,4
237,226,0,5,4
237,227,0,5,4
237,228,0,5,4
237,229,0,5,4
237,230,0,5,4
237,231,0,5,4
237,232,0,5,4
237,233,0,5,4
237,234,0,5,4
237,235,0,5,4
237,236,0,5,4
237,237,0,5,4
237,238,0,5,4
237,239,0,5,4
237,240,0,5,4
237,241,0,5,4
237,242,0,5,4
237,243,0,5,4
237,244,0,5,4
237,245,0,5,4
237,246,0,5,4
237,247,0,5,4
237,248,0,5,4
237,249,0,5,4
237,250,0,48,2
237,251,0,48,2
237,252,0,48,2
237,253,0,48,2
237,254,0,48,2
237,255,0,48,2
237,256,0,48,2
237,257,0,148,2
237,258,0,148,2
237,259,0,148,2
237,260,0,148,2
237,261,0,148,2
237,262,0,148,2
237,263,0,148,2
237,264,0,248,2
237,265,0,248,2
237,266,0,248,2
237,267,0,248,2
237,268,0,248,2
237,269,0,248,2
237,270,0,248,2
237,271,0,348,3
237,272,0,348,3
237,273,0,348,3
237,274,0,348,3
237,275,0,348,3
237,276,0,348,3
237,277,0,348,3
237,278,0,448,1
237,279,0,448,1
237,280,0,448,1
237,281,0,448,1
237,282,0,448,1
237,283,0,448,1
237,284,0,448,1
462,200,0,10,4
462,201,0,10,4
462,202,0,10,4
462,203,0,10,4
462,204,0,10,4
462,205,0,10,4
462,206,0,10,4
462,207,0,10,4
462,208,0,10,4
462,209,0,10,4
462,210,0,10,4
462,211,0,10,4
462,212,0,10,4
462,213,0,10,4
462,214,0,10,4
462,215,0,10,4
462,216,0,10,4
462,217,0,10,4
462,218,0,10,4
462,219,0,10,4
462,220,0,10,4
462,221,0,10,4
462,222,0,10,4
462,223,0,10,4
462,224,0,10,4
462,225,0,10,4
462,226,0,10,4
462,227,0,10,4
462,228,0,10,4
462,229,0,10,4
462,230,0,10,4
462,231,0,10,4
462,232,0,10,4
462,233,0,10,4
462,234,0,10,4
462,235,0,10,4
462,236,0,10,4
462,237,0,10,4
462,238,0,10,4
462,239,0,10,4
462,240,0,10,4
462,241,0,10,4
462,242,0,10,4
462,243,0,10,4
462,244,0,10,4
462,245,0,10,4
462,246,0,10,4
462,247,0,10,4
462,248,0,10,4
462,249,0,10,4
462,250,0,81,2
462,251,0,81,2
462,252,0,81,2
462,253,0,81,2
462,254,0,81,2
462,255,0,81,2
462,256,0,81,2
462,257,0,181,2
462,258,0,181,2
462,259,0,181,2
462,260,0,181,2
462,261,0,181,2
462,262,0,181,2
462,263,0,181,2
462,264,0,281,2
462,265,0,281,2
462,266,0,281,2
462,267,0,281,2
462,268,0,281,2
462,269,0,281,2
462,270,0,281,2
462,271,0,381,3
462,272,0,381,3
462,273,0,381,3
462,274,0,381,3
462,275,0,381,3
462,276,0,381,3
462,277,0,381,3
462,278,0,481,1
462,279,0,481,1
462,280,0,481,1
462,281,0,481,1
462,282,0,481,1
462,283,0,481,1
462,284,0,481,1
463,200,0,10,4
463,201,0,10,4
463,202,0,10,4
463,203,0,10,4
463,204,0,10,4
463,205,0,10,4
463,206,0,10,4
463,207,0,10,4
463,208,0,10,4
463,209,0,10,4
463,210,0,10,4
463,211,0,10,4
463,212,0,10,4
463,213,0,10,4
463,214,0,10,4
463,215,0,10,4
463,216,0,10,4
463,217,0,10,4
463,218,0,10,4
463,219,0,10,4
463,220,0,10,4
463,221,0,10,4
463,222,0,10,4
463,223,0,10,4
463,224,0,10,4
463,225,0,10,4
463,226,0,10,4
463,227,0,10,4
463,228,0,10,4
463,229,0,10,4
463,230,0,10,4
463,231,0,10,4
463,232,0,10,4
463,233,0,10,4
463,234,0,10,4
463,235,0,10,4
463,236,0,10,4
463,237,0,10,4
463,238,0,10,4
463,239,0,10,4
463,240,0,10,4
463,241,0,10,4
463,242,0,10,4
463,243,0,10,4
463,244,0,10,4
463,245,0,10,4
463,246,0,10,4
463,247,0,10,4
463,248,0,10,4
463,249,0,10,4
463,250,0,81,2
463,251,0,81,2
463,252,0,81,2
463,253,0,81,2
463,254,0,81,2
463,255,0,81,2
463,256,0,81,2
463,257,0,181,2
463,258,0,181,2
463,259,0,181,2
463,260,0,181,2
463,261,0,181,2
463,262,0,181,2
463,263,0,181,2
463,264,0,281,2
463,265,0,281,2
463,266,0,281,2
463,267,0,281,2
463,268,0,281,2
463,269,0,281,2
463,270,0,281,2
463,271,0,381,3
463,272,0,381,3
463,273,0,381,3
463,274,0,381,3
463,275,0,381,3
463,276,0,381,3
463,277,0,381,3
463,278,0,481,1
463,279,0,481,1
463,280,0,481,1
463,281,0,481,1
463,282,0,481,1
463,283,0,481,1
463,284,0,481,1
464,200,0,10,4
464,201,0,10,4
464,202,0,10,4
464,203,0,10,4
464,204,0,10,4
464,205,0,10,4
464,206,0,10,4
464,207,0,10,4
464,208,0,10,4
464,209,0,10,4
464,210,0,10,4
464,211,0,10,4
464,212,0,10,4
464,213,0,10,4
464,214,0,10,4
464,215,0,10,4
464,216,0,10,4
464,217,0,10,4
464,218,0,10,4
464,219,0,10,4
464,220,0,10,4
464,221,0,10,4
464,222,0,10,4
464,223,0,10,4
464,224,0,10,4
464,225,0,10,4
464,226,0,10,4
464,227,0,10,4
464,228,0,10,4
464,229,0,10,4
464,230,0,10,4
464,231,0,10,4
464,232,0,10,4
464,233,0,10,4
464,234,0,10,4
464,235,0,10,4
464,236,0,10,4
464,237,0,10,4
464,238,0,10,4
464,239,0,10,4
464,240,0,10,4
464,241,0,10,4
464,242,0,10,4
464,243,0,10,4
464,244,0,10,4
464,245,0,10,4
464,246,0,10,4
464,247,0,10,4
464,248,0,10,4
464,249,0,10,4
464,250,0,81,2
464,251,0,81,2
464,252,0,81,2
464,253,0,81,2
464,254,0,81,2
464,255,0,81,2
464,256,0,81,2
464,257,0,181,2
464,258,0,181,2
464,259,0,181,2
464,260,0,181,2
464,261,0,181,2
464,262,0,181,2
464,263,0,181,2
464,264,0,281,2
464,265,0,281,2
464,266,0,281,2
464,267,0,281,2
464,268,0,281,2
464,269,0,281,2
464,270,0,281,2
464,271,0,381,3
464,272,0,381,3
464,273,0,381,3
464,274,0,381,3
464,275,0,381,3
464,276,0,381,3
464,277,0,381,3
464,278,0,481,1
464,279,0,481,1
464,280,0,481,1
464,281,0,481,1
464,282,0,481,1
464,283,0,481,1
464,284,0,481,1
465,200,0,10,4
465,201,0,10,4
465,202,0,10,4
465,203,0,10,4
465,204,0,10,4
465,205,0,10,4
465,206,0,10,4
465,207,0,10,4
465,208,0,10,4
465,209,0,10,4
465,210,0,10,4
465,211,0,10,4
465,212,0,10,4
465,213,0,10,4
465,214,0,10,4
465,215,0,10,4
465,216,0,10,4
465,217,0,10,4
465,218,0,10,4
465,219,0,10,4
465,220,0,10,4
465,221,0,10,4
465,222,0,10,4
465,223,0,10,4
465,224,0,10,4
465,225,0,10,4
465,226,0,10,4
465,227,0,10,4
465,228,0,10,4
465,229,0,10,4
465,230,0,10,4
465,231,0,10,4
465,232,0,10,4
465,233,0,10,4
465,234,0,10,4
465,235,0,10,4
465,236,0,10,4
465,237,0,10,4
465,238,0,10,4
465,239,0,10,4
465,240,0,10,4
465,241,0,10,4
465,242,0,10,4
465,243,0,10,4
465,244,0,10,4
465,245,0,10,4
465,246,0,10,4
465,247,0,10,4
465,248,0,10,4
465,249,0,10,4
465,250,0,81,2
465,251,0,81,2
465,252,0,81,2
465,253,0,81,2
465,254,0,81,2
465,255,0,81,2
465,256,0,81,2
465,257,0,181,2
465,258,0,181,2
465,259,0,181,2
465,260,0,181,2
465,261,0,181,2
465,262,0,181,2
465,263,0,181,2
465,264,0,281,2
465,265,0,281,2
465,266,0,281,2
465,267,0,281,2
465,268,0,281,2
465,269,0,281,2
465,270,0,281,2
465,271,0,381,3
465,272,0,381,3
465,273,0,381,3
465,274,0,381,3
465,275,0,381,3
465,276,0,381,3
465,277,0,381,3
465,278,0,481,1
465,279,0,481,1
465,280,0,481,1
465,281,0,481,1
465,282,0,481,1
465,283,0,481,1
465,284,0,481,1
466,200,0,10,4
466,201,0,10,4
466,202,0,10,4
466,203,0,10,4
466,204,0,10,4
466,205,0,10,4
466,206,0,10,4
466,207,0,10,4
466,208,0,10,4
466,209,0,10,4
466,210,0,10,4
466,211,0,10,4
466,212,0,10,4
466,213,0,10,4
466,214,0,10,4
466,215,0,10,4
466,216,0,10,4
466,217,0,10,4
466,218,0,10,4
466,219,0,10,4
466,220,0,10,4
466,221,0,10,4
466,222,0,10,4
466,223,0,10,4
466,224,0,10,4
466,225,0,10,4
466,226,0,10,4
466,227,0,10,4
466,228,0,10,4
466,229,0,10,4
466,230,0,10,4
466,231,0,10,4
466,232,0,10,4
466,233,0,10,4
466,234,0,10,4
466,235,0,10,4
466,236,0,10,4
466,237,0,10,4
466,238,0,10,4
466,239,0,10,4
466,240,0,10,4
466,241,0,10,4
466,242,0,10,4
466,243,0,10,4
466,244,0,10,4
466,245,0,10,4
466,246,0,10,4
466,247,0,10,4
466,248,0,10,4
466,249,0,10,4
466,250,0,81,2
466,251,0,81,2
466,252,0,81,2
466,253,0,81,2
466,254,0,81,2
466,255,0,81,2
466,256,0,81,2
466,257,0,181,2
466,258,0,181,2
466,259,0,181,2
466,260,0,181,2
466,261,0,181,2
466,262,0,181,2
466,263,0,181,2
466,264,0,281,2
466,265,0,281,2
466,266,0,281,2
466,267,0,281,2
466,268,0,281,2
466,269,0,281,2
466,270,0,281,2
466,271,0,381,3
466,272,0,381,3
466,273,0,381,3
466,274,0,381,3
466,275,0,381,3
466,276,0,381,3
466,277,0,381,3
466,278,0,481,1
466,279,0,481,1
466,280,0,481,1
466,281,0,481,1
466,282,0,481,1
466,283,0,481,1
466,284,0,481,1
467,200,0,10,4
467,201,0,10,4
467,202,0,10,4
467,203,0,10,4
467,204,0,10,4
467,205,0,10,4
467,206,0,10,4
467,207,0,10,4
467,208,0,10,4
467,209,0,10,4
467,210,0,10,4
467,211,0,10,4
467,212,0,10,4
467,213,0,10,4
467,214,0,10,4
467,215,0,10,4
467,216,0,10,4
467,217,0,10,4
467,218,0,10,4
467,219,0,10,4
467,220,0,10,4
467,221,0,10,4
467,222,0,10,4
467,223,0,10,4
467,224,0,10,4
467,225,0,10,4
467,226,0,10,4
467,227,0,10,4
467,228,0,10,4
467,229,0,10,4
467,230,0,10,4
467,231,0,10,4
467,232,0,10,4
467,233,0,10,4
467,234,0,10,4
467,235,0,10,4
467,236,0,10,4
467,237,0,10,4
467,238,0,10,4
467,239,0,10,4
467,240,0,10,4
467,241,0,10,4
467,242,0,10,4
467,243,0,10,4
467,244,0,10,4
467,245,0,10,4
467,246,0,10,4
467,247,0,10,4
467,248,0,10,4
467,249,0,10,4
467,250,0,81,2
467,251,0,81,2
467,252,0,81,2
467,253,0,81,2
467,254,0,81,2
467,255,0,81,2
467,256,0,81,2
467,257,0,181,2
467,258,0,181,2
467,259,0,181,2
467,260,0,181,2
467,261,0,181,2
467,262,0,181,2
467,263,0,181,2
467,264,0,281,2
467,265,0,281,2
467,266,0,281,2
467,267,0,281,2
467,268,0,281,2
467,269,0,281,2
467,270,0,281,2
467,271,0,381,3
467,272,0,381,3
467,273,0,381,3
467,274,0,381,3
467,275,0,381,3
467,276,0,381,3
467,277,0,381,3
467,278,0,481,1
467,279,0,481,1
467,280,0,481,1
467,281,0,481,1
467,282,0,481,1
467,283,0,481,1
467,284,0,481,1
468,200,0,10,4
468,201,0,10,4
468,202,0,10,4
468,203,0,10,4
468,204,0,10,4
468,205,0,10,4
468,206,0,10,4
468,207,0,10,4
468,208,0,10,4
468,209,0,10,4
468,210,0,10,4
468,211,0,10,4
468,212,0,10,4
468,213,0,10,4
468,214,0,10,4
468,215,0,10,4
468,216,0,10,4
468,217,0,10,4
468,218,0,10,4
468,219,0,10,4
468,220,0,10,4
468,221,0,10,4
468,222,0,10,4
468,223,0,10,4
468,224,0,10,4
468,225,0,10,4
468,226,0,10,4
468,227,0,10,4
468,228,0,10,4
468,229,0,10,4
468,230,0,10,4
468,231,0,10,4
468,232,0,10,4
468,233,0,10,4
468,234,0,10,4
468,235,0,10,4
468,236,0,10,4
468,237,0,10,4
468,238,0,10,4
468,239,0,10,4
468,240,0,10,4
468,241,0,10,4
468,242,0,10,4
468,243,0,10,4
468,244,0,10,4
468,245,0,10,4
468,246,0,10,4
468,247,0,10,4
468,248,0,10,4
468,249,0,10,4
468,250,0,81,2
468,251,0,81,2
468,252,0,81,2
468,253,0,81,2
468,254,0,81,2
468,255,0,81,2
468,256,0,81,2
468,257,0,181,2
468,258,0,181,2
468,259,0,181,2
468,260,0,181,2
468,261,0,181,2
468,262,0,181,2
468,263,0,181,2
468,264,0,281,2
468,265,0,281,2
468,266,0,281,2
468,267,0,281,2
468,268,0,281,2
468,269,0,281,2
468,270,0,281,2
468,271,0,381,3
468,272,0,381,3
468,273,0,381,3
468,274,0,381,3
468,275,0,381,3
468,276,0,381,3
468,277,0,381,3
468,278,0,481,1
468,279,0,481,1
468,280,0,481,1
468,281,0,481,1
468,282,0,481,1
468,283,0,481,1
468,284,0,481,1
469,200,0,10,4
469,201,0,10,4
469,202,0,10,4
469,203,0,10,4
469,204,0,10,4
469,205,0,10,4
469,206,0,10,4
469,207,0,10,4
469,208,0,10,4
469,209,0,10,4
469,210,0,10,4
469,211,0,10,4
469,212,0,10,4
469,213,0,10,4
469,214,0,10,4
469,215,0,10,4
469,216,0,10,4
469,217,0,10,4
469,218,0,10,4
469,219,0,10,4
469,220,0,10,4
469,221,0,10,4
469,222,0,10,4
469,223,0,10,4
469,224,0,10,4
469,225,0,10,4
469,226,0,10,4
469,227,0,10,4
469,228,0,10,4
469,229,0,10,4
469,230,0,10,4
469,231,0,10,4
469,232,0,10,4
469,233,0,10,4
469,234,0,10,4
469,235,0,10,4
469,236,0,10,4
469,237,0,10,4
469,238,0,10,4
469,239,0,10,4
469,240,0,10,4
469,241,0,10,4
469,242,0,10,4
469,243,0,10,4
469,244,0,10,4
469,245,0,10,4
469,246,0,10,4
469,247,0,10,4
469,248,0,10,4
469,249,0,10,4
469,250,0,82,2
469,251,0,82,2
469,252,0,82,2
469,253,0,82,2
469,254,0,82,2
469,255,0,82,2
469,256,0,82,2
469,257,0,182,2
469,258,0,182,2
469,259,0,182,2
469,260,0,182,2
469,261,0,182,2
469,262,0,182,2
469,263,0,182,2
469,264,0,282,2
469,265,0,282,2
469,266,0,282,2
469,267,0,282,2
469,268,0,282,2
469,269,0,282,2
469,270,0,282,2
469,271,0,382,3
469,272,0,382,3
469,273,0,382,3
469,274,0,382,3
469,275,0,382,3
469,276,0,382,3
469,277,0,382,3
469,278,0,482,1
469,279,0,482,1
469,280,0,482,1
469,281,0,482,1
469,282,0,482,1
469,283,0,482,1
469,284,0,482,1
470,200,0,10,4
470,201,0,10,4
470,202,0,10,4
470,203,0,10,4
470,204,0,10,4
470,205,0,10,4
470,206,0,10,4
470,207,0,10,4
470,208,0,10,4
470,209,0,10,4
470,210,0,10,4
470,211,0,10,4
470,212,0,10,4
470,213,0,10,4
470,214,0,10,4
470,215,0,10,4
470,216,0,10,4
470,217,0,10,4
470,218,0,10,4
470,219,0,10,4
470,220,0,10,4
470,221,0,10,4
470,222,0,10,4
470,223,0,10,4
470,224,0,10,4
470,225,0,10,4
470,226,0,10,4
470,227,0,10,4
470,228,0,10,4
470,229,0,10,4
470,230,0,10,4
470,231,0,10,4
470,232,0,10,4
470,233,0,10,4
470,234,0,10,4
470,235,0,10,4
470,236,0,10,4
470,237,0,10,4
470,238,0,10,4
470,239,0,10,4
470,240,0,10,4
470,241,0,10,4
470,242,0,10,4
470,243,0,10,4
470,244,0,10,4
470,245,0,10,4
470,246,0,10,4
470,247,0,10,4
470,248,0,10,4
470,249,0,10,4
470,250,0,82,2
470,251,0,82,2
470,252,0,82,2
470,253,0,82,2
470,254,0,82,2
470,255,0,82,2
470,256,0,82,2
470,257,0,182,2
470,258,0,182,2
470,259,0,182,2
470,260,0,182,2
470,261,0,182,2
470,262,0,182,2
470,263,0,182,2
470,264,0,282,2
470,265,0,282,2
470,266,0,282,2
470,267,0,282,2
470,268,0,282,2
470,269,0,282,2
470,270,0,282,2
470,271,0,382,3
470,272,0,382,3
470,273,0,382,3
470,274,0,382,3
470,275,0,382,3
470,276,0,382,3
470,277,0,382,3
470,278,0,482,1
470,279,0,482,1
470,280,0,482,1
470,281,0,482,1
470,282,0,482,1
470,283,0,482,1
470,284,0,482,1
695,200,0,14,4
695,201,0,14,4
695,202,0,14,4
695,203,0,14,4
695,204,0,14,4
695,205,0,14,4
695,206,0,14,4
695,207,0,14,4
695,208,0,14,4
695,209,0,14,4
695,210,0,14,4
695,211,0,14,4
695,212,0,14,4
695,213,0,14,4
695,214,0,14,4
695,215,0,14,4
695,216,0,14,4
695,217,0,14,4
695,218,0,14,4
695,219,0,14,4
695,220,0,14,4
695,221,0,14,4
695,222,0,14,4
695,223,0,14,4
695,224,0,14,4
695,225,0,14,4
695,226,0,14,4
695,227,0,14,4
695,228,0,14,4
695,229,0,14,4
695,230,0,14,4
695,231,0,14,4
695,232,0,14,4
695,233,0,14,4
695,234,0,14,4
695,235,0,14,4
695,236,0,14,4
695,237,0,14,4
695,238,0,14,4
695,239,0,14,4
695,240,0,14,4
695,241,0,14,4
695,242,0,14,4
695,243,0,14,4
695,244,0,14,4
695,245,0,14,4
695,246,0,14,4
695,247,0,14,4
695,248,0,14,4
695,249,0,14,4
695,250,0,114,2
695,251,0,114,2
695,252,0,114,2
695,253,0,114,2
695,254,0,114,2
695,255,0,114,2
695,256,0,114,2
695,257,0,214,2
695,258,0,214,2
695,259,0,214,2
695,260,0,214,2
695,261,0,214,2
695,262,0,214,2
695,263,0,214,2
695,264,0,314,2
695,265,0,314,2
695,266,0,314,2
695,267,0,314,2
695,268,0,314,2
695,269,0,314,2
695,270,0,314,2
695,271,0,414,3
695,272,0,414,3
695,273,0,414,3
695,274,0,414,3
695,275,0,414,3
695,276,0,414,3
695,277,0,414,3
695,278,0,514,1
695,279,0,514,1
695,280,0,514,1
695,281,0,514,1
695,282,0,514,1
695,283,0,514,1
695,284,0,514,1
696,200,0,14,4
696,201,0,14,4
696,202,0,14,4
696,203,0,14,4
696,204,0,14,4
696,205,0,14,4
696,206,0,14,4
696,207,0,14,4
696,208,0,14,4
696,209,0,14,4
696,210,0,14,4
696,211,0,14,4
696,212,0,14,4
696,213,0,14,4
696,214,0,14,4
696,215,0,14,4
696,216,0,14,4
696,217,0,14,4
696,218,0,14,4
696,219,0,14,4
696,220,0,14,4
696,221,0,14,4
696,222,0,14,4
696,223,0,14,4
696,224,0,14,4
696,225,0,14,4
696,226,0,14,4
696,227,0,14,4
696,228,0,14,4
696,229,0,14,4
696,230,0,14,4
696,231,0,14,4
696,232,0,14,4
696,233,0,14,4
696,234,0,14,4
696,235,0,14,4
696,236,0,14,4
696,237,0,14,4
696,238,0,14,4
696,239,0,14,4
696,240,0,14,4
696,241,0,14,4
696,242,0,14,4
696,243,0,14,4
696,244,0,14,4
696,245,0,14,4
696,246,0,14,4
696,247,0,14,4
696,248,0,14,4
696,249,0,14,4
696,250,0,114,2
696,251,0,114,2
696,252,0,114,2
696,253,0,114,2
696,254,0,114,2
696,255,0,114,2
696,256,0,114,2
696,257,0,214,2
696,258,0,214,2
696,259,0,214,2
696,260,0,214,2
696,261,0,214,2
696,262,0,214,2
696,263,0,214,2
696,264,0,314,2
696,265,0,314,2
696,266,0,314,2
696,267,0,314,2
696,268,0,314,2
696,269,0,314,2
696,270,0,314,2
696,271,0,414,3
696,272,0,414,3
696,273,0,414,3
696,274,0,414,3
696,275,0,414,3
696,276,0,414,3
696,277,0,414,3
696,278,0,514,1
696,279,0,514,1
696,280,0,514,1
696,281,0,514,1
696,282,0,514,1
696,283,0,514,1
696,284,0,514,1
697,200,0,14,4
697,201,0,14,4
697,202,0,14,4
697,203,0,14,4
697,204,0,14,4
697,205,0,14,4
697,206,0,14,4
697,207,0,14,4
697,208,0,14,4
697,209,0,14,4
697,210,0,14,4
697,211,0,14,4
697,212,0,14,4
697,213,0,14,4
697,214,0,14,4
697,215,0,14,4
697,216,0,14,4
697,217,0,14,4
697,218,0,14,4
697,219,0,14,4
697,220,0,14,4
697,221,0,14,4
697,222,0,14,4
697,223,0,14,4
697,224,0,14,4
697,225,0,14,4
697,226,0,14,4
697,227,0,14,4
697,228,0,14,4
697,229,0,14,4
697,230,0,14,4
697,231,0,14,4
697,232,0,14,4
697,233,0,14,4
697,234,0,14,4
697,235,0,14,4
697,236,0,14,4
697,237,0,14,4
697,238,0,14,4
697,239,0,14,4
697,240,0,14,4
697,241,0,14,4
697,242,0,14,4
697,243,0,14,4
697,244,0,14,4
697,245,0,14,4
697,246,0,14,4
697,247,0,14,4
697,248,0,14,4
697,249,0,14,4
697,250,0,114,2
697,251,0,114,2
697,252,0,114,2
697,253,0,114,2
697,254,0,114,2
697,255,0,114,2
697,256,0,114,2
697,257,0,214,2
697,258,0,214,2
697,259,0,214,2
697,260,0,214,2
697,261,0,214,2
697,262,0,214,2
697,263,0,214,2
697,264,0,314,2
697,265,0,314,2
697,266,0,314,2
697,267,0,314,2
697,268,0,314,2
697,269,0,314,2
697,270,0,314,2
697,271,0,414,3
697,272,0,414,3
697,273,0,414,3
697,274,0,414,3
697,275,0,414,3
697,276,0,414,3
697,277,0,414,3
697,278,0,514,1
697,279,0,514,1
697,280,0,514,1
697,281,0,514,1
697,282,0,514,1
697,283,0,514,1
697,284,0,514,1
698,200,0,14,4
698,201,0,14,4
698,202,0,14,4
698,203,0,14,4
698,204,0,14,4
698,205,0,14,4
698,206,0,14,4
698,207,0,14,4
698,208,0,14,4
698,209,0,14,4
698,210,0,14,4
698,211,0,14,4
698,212,0,14,4
698,213,0,14,4
698,214,0,14,4
698,215,0,14,4
698,216,0,14,4
698,217,0,14,4
698,218,0,14,4
698,219,0,14,4
698,220,0,14,4
698,221,0,14,4
698,222,0,14,4
698,223,0,14,4
698,224,0,14,4
698,225,0,14,4
698,226,0,14,4
698,227,0,14,4
698,228,0,14,4
698,229,0,14,4
698,230,0,14,4
698,231,0,14,4
698,232,0,14,4
698,233,0,14,4
698,234,0,14,4
698,235,0,14,4
698,236,0,14,4
698,237,0,14,4
698,238,0,14,4
698,239,0,14,4
698,240,0,14,4
698,241,0,14,4
698,242,0,14,4
698,243,0,14,4
698,244,0,14,4
698,245,0,14,4
698,246,0,14,4
698,247,0,14,4
698,248,0,14,4
698,249,0,14,4
698,250,0,114,2
698,251,0,114,2
698,252,0,114,2
698,253,0,114,2
698,254,0,114,2
698,255,0,114,2
698,256,0,114,2
698,257,0,214,2
698,258,0,214,2
698,259,0,214,2
698,260,0,214,2
698,261,0,214,2
698,262,0,214,2
698,263,0,214,2
698,264,0,314,2
698,265,0,314,2
698,266,0,314,2
698,267,0,314,2
698,268,0,314,2
698,269,0,314,2
698,270,0,314,2
698,271,0,414,3
698,272,0,414,3
698,273,0,414,3
698,274,0,414,3
698,275,0,414,3
698,276,0,414,3
698,277,0,414,3
698,278,0,514,1
698,279,0,514,1
698,280,0,514,1
698,281,0,514,1
698,282,0,514,1
698,283,0,514,1
698,284,0,514,1
699,200,0,14,4
699,201,0,14,4
699,202,0,14,4
699,203,0,14,4
699,204,0,14,4
699,205,0,14,4
699,206,0,14,4
699,207,0,14,4
699,208,0,14,4
699,209,0,14,4
699,210,0,14,4
699,211,0,14,4
699,212,0,14,4
699,213,0,14,4
699,214,0,14,4
699,215,0,14,4
699,216,0,14,4
699,217,0,14,4
699,218,0,14,4
699,219,0,14,4
699,220,0,14,4
699,221,0,14,4
699,222,0,14,4
699,223,0,14,4
699,224,0,14,4
699,225,0,14,4
699,226,0,14,4
699,227,0,14,4
699,228,0,14,4
699,229,0,14,4
699,230,0,14,4
699,231,0,14,4
699,232,0,14,4
699,233,0,14,4
699,234,0,14,4
699,235,0,14,4
699,236,0,14,4
699,237,0,14,4
699,238,0,14,4
699,239,0,14,4
699,240,0,14,4
699,241,0,14,4
699,242,0,14,4
699,243,0,14,4
699,244,0,14,4
699,245,0,14,4
699,246,0,14,4
699,247,0,14,4
699,248,0,14,4
699,249,0,14,4
699,250,0,114,2
699,251,0,114,2
699,252,0,114,2
699,253,0,114,2
699,254,0,114,2
699,255,0,114,2
699,256,0,114,2
699,257,0,214,2
699,258,0,214,2
699,259,0,214,2
699,260,0,214,2
699,261,0,214,2
699,262,0,214,2
699,263,0,214,2
699,264,0,314,2
699,265,0,314,2
699,266,0,314,2
699,267,0,314,2
699,268,0,314,2
699,269,0,314,2
699,270,0,314,2
699,271,0,414,3
699,272,0,414,3
699,273,0,414,3
699,274,0,414,3
699,275,0,414,3
699,276,0,414,3
699,277,0,414,3
699,278,0,514,1
699,279,0,514,1
699,280,0,514,1
699,281,0,514,1
699,282,0,514,1
699,283,0,514,1
699,284,0,514,1
